%YAML:1.0
---
camera_matrix: !!opencv-matrix
   rows: 3
   cols: 3
   dt: d
   data: [ 9.4610536314921956e+02, 0., 5.9720655065716232e+02, 0.,
       9.5610887392560187e+02, 3.7905640453465844e+02, 0., 0., 1. ]
dist_coeff: !!opencv-matrix
   rows: 1
   cols: 5
   dt: d
   data: [ 5.2324900975667825e-02, -3.1297410464749542e-01,
       3.1140937873662374e-03, -1.4619683385185180e-02,
       4.7580576847534051e-01 ]
